shipping_destinations_001: 
  created_at: 2009-12-23 16:28:26.079016 Z
  additional_item: 500
  updated_at: 2009-12-23 16:28:26.079016 Z
  country_id: 465
  first_item: 1000
  id: 2
  shipping_class_id: 2
shipping_destinations_002: 
  created_at: 2009-12-23 16:28:36.277293 Z
  additional_item: 1000
  updated_at: 2009-12-23 16:28:36.277293 Z
  country_id: 1000
  first_item: 2000
  id: 3
  shipping_class_id: 2
shipping_destinations_003: 
  created_at: 2010-04-06 18:22:35.102801 Z
  additional_item: 8
  updated_at: 2010-04-06 18:22:35.102801 Z
  country_id: 465
  first_item: 9
  id: 4
  shipping_class_id: 3
