shipping_classes_001: 
  name: All Products
  created_at: 2009-12-23 16:28:01.942996 Z
  updated_at: 2009-12-23 16:28:01.942996 Z
  id: 2
  seller_id: 12
shipping_classes_002: 
  name: ground
  created_at: 2010-04-06 18:22:26.743851 Z
  updated_at: 2010-04-06 18:22:26.743851 Z
  id: 3
  seller_id: 14
