shipping_destinations_001: 
  additional_item: 300
  updated_at: 2009-08-24 17:25:57.909660 Z
  country_id: 465
  id: 1
  first_item: 500
  shipping_class_id: 1
  created_at: 2009-08-24 17:25:57.909660 Z
