shipping_classes_001: 
  name: standard
  updated_at: 2009-08-24 17:25:52.940402 Z
  id: 1
  seller_id: 2
  created_at: 2009-08-24 17:25:52.940402 Z
