shipping_destinations_001: 
  additional_item: 300
  updated_at: 2009-08-24 17:25:57.909660 Z
  country_id: 465
  id: 1
  first_item: 500
  shipping_class_id: 1
  created_at: 2009-08-24 17:25:57.909660 Z
shipping_destinations_002: 
  additional_item: 500
  updated_at: 2009-12-23 16:28:26.079016 Z
  country_id: 465
  id: 2
  first_item: 1000
  shipping_class_id: 2
  created_at: 2009-12-23 16:28:26.079016 Z
shipping_destinations_003: 
  additional_item: 1000
  updated_at: 2009-12-23 16:28:36.277293 Z
  country_id: 1000
  id: 3
  first_item: 2000
  shipping_class_id: 2
  created_at: 2009-12-23 16:28:36.277293 Z
